1010110000000011001100001100110001010011010010011110011101100001010110001111100111100010111010001011000100000101101011010000010111000011111011000010011001000011000110000011101000010110100101011111101111001000110011001010101110001101110010101010001101110000010011100001100100110001011110011010000111110011100100101100100100001111001011101000101010111110001001011011110100011011101100110000010101011100101001111101010001011101001000000011110101000101001101010001001111011000100101000101010100101001100011010000010101000001
1001000110111100010100000100111111000101011001111001001101100000101111100000001110010010011111101010110000100110000010000101110000101001110110110011001010011111010100010011010111111101000001101111111101100110110011100111111101000100010010010011010101000001000000111111000000101001001111110010000111111110011101101001000110010010111001010001011010110100101101110000101100101100011000011010000000001110110101000001100010010011111100000001000110110111110110110111011110110100101011101111100100000101010110000000000101011100
0110000111000100100101000110111010000100001100000100101010110001101110100100001100111001000101010101001101100001001010101011110111000010000000111110010100110110101101000011000111010111001010011010010111011011011011010111100101001111100000101000100010101000001101010010001000101100101111100001000101000100000110000001111010011011101011001010011100100101000000101010101001000011101101010010000000011111111101001001001011001000011000011100010101011100001011111001100001110011001100110010100101100001110001000101011011110111
0011010100101100110011010100010001101111110001000101000010001110110110001100010100000001100001110110010000100100100100100011010111001011001010011111000001100000000000111011011101110000011000011010001011000101111111111101101101111011101101000100100011011000101101100101110100000110011000100110011000011000110011011110010100101111001101011000110011110111110000011001010100100000001000100010000111010101000101101101011001011100000000101110000111111101100010010111101100101000010010001111000000111000110110110010001110101100
1110111001000111011010111001011100101111001100000011001001010001001111000111100001010011011000010000010110010100011000011101011011110110110000011010110100011010000110101111101010110100110110111000100101010111011010110110101111110011100110001100010110110010111111111111100010101011100010010100111000000101111000001010110010101100000001011001001000110000110001011100001101110001001010010110100010111101101001111001000111110000101010111001101101000001101100100000111100011000101000100011000111100101010111000000010100001101
1000000101111000011010110111011101111100000111000010110100110000010100111010101001000000010101011011010010110100001011001110010111010000110100011101101100101001111000000011001001111011011001000101001101110100110010001001010110101001011000010000001101000011100010010110000010110001101110010110110100110101100100100100010110011010001011011010110000110100000100101000110000010100110000011000001010100100000010001100010101111101001011100011010100000011000100010110000100001101100101111100011100000001011110010101000010111100
0111000010101000000011101100111000000111100010110011000001101001001000011010110100011111001011001101100101111000010011100001101101010011011000011010000011100101010110111000011101110111000010010010110101010100000000111000111111011100001010010001011010101100011111111100010101010101101111111000000010101100100100101101101000010011110100111101101111101011110111010101100000100101000101101011010001110011011110010001111100001011000011010011010100010000101001000001000011101000000000111011001011010011001010010010100101011110
1100001110011110001111011001011110100010100001111110010000110000010100111011000100011110111001010000011011100010101111110110000100110000011000010101000010010111011100101100101101001010101100101100111100100011011111000110011000011101101001011010001110110100100000001000001100101001110110111010110000111011110001010000001101110111011010100111110110010010111100000100001100110101010011110110101001101101001010001010010110110100000011000010010010010110010101000010100100011111010011100101110111001001101101100100101101011110
0000010101010000110001010010101010001101111010010010010111010011000110001101011010101010100011100011010110101100011100111000100010010001101101110000011011110100011000010110001110010010000000110111010111101010000110110001101011011011001111000111001010011110010000000000010110111101011101100011110000011110001001101010011101101101011011000100101001100111000001100110010011101100010011010111001110101001100100001000101100100111001001101100010111010000001010011101101100000110101010100001001001011111010101000010110110110011
0111000001000000001111110001110111110100111111010011101111010110101101000101101000100111111100000101000000110101100100100000001100101010011101101010100111101010011000000010110110110100011000001001011101011110010001110101000011011011101011000011110000001010000000110001110101101000000101001100010111011011100001110110010000101001000101011000001100001100001001111110010101111010010011001101111101101001011110001101101001100001110110111110000000000110010101111101101001010011000101101010001101110100100111001101100001001011
1110010111101010001100000101001111100101000111111010001010101110001110101110010100000010101010010001100011000011001010010101001011000001101110010001000110110100101011100101101101100001101111010000010011011011010110001100010011001100010110110000110101001011010100101100010100001010100011011001100100011101100100011110011100101111101011001111110000001111000000110010001011000101101101101001001001010110011001101101001101100001100000100110110011011001100000100011010100101001110011011111010011010110101011110010100011000010
0100101110000110001100000101001111100101001000010011001101100001001010011001000110101100110101111000110100111110110000011011100001000001011011111100010110010010000100101100110110110100011100000010011101110000110011100010101000000011010010010111001001011101000011110011110011001000100100110110010100101111001000101000100111011000000000001010111000000001010001010110111111010000111001011000010110111000010111111101101111011011010100001111011100111001100000110010101110101100110101010000101110101001110010000000111100111000
0101000010001000111011011101000100000011000010100100101100110110000001100011111000110101100011001001100001111011001000101001100110010010001001101010001101010010111010001110011101100100100111011101010000000101101010100011001100010110110011101011110100010111000101011100110111101100001010010111111111000011000110110111001001100001100011010001100011000110111000010011001111011000110101011000111010010101010111000011001001100110011010000001001101100110100010011000110010011101011010000010001000110011110110111001000011110000
0011000011000011001001000111011101100001010100011011001000111111011111110110101101110110000111011000101001001000111011000100000110101001000000000100000100100111011000110111001011111011100001110111101110111101100100101101010000011011011110011111011011001010011001010111100100101110000001010111111111100010100011001110100011000111110101000011110010100011101010001110010010010010010100110101101101001100000101100111001010011011101000110011000100100101111100111010000011000010000010000011111100111100100101100011001111011111
0100010101001000001000001110100101111010001100001110001011000011111011001011110101100110001000011000101101100001010000010100111111110001010101010101001111000100011000111011101111000110000101101011110000010101000001011001001011010001011101001011111011011110011011101101010010001011111011110010001101101000110001011011111010110001100101010001011001010011001101001100101100100111111000011010001100100101101000110001001111010100001111000010001110110110101110110000000111111010001001000010011111100010111111100111101010101111
0111011001110111101000101000111100110000001110110011010001110000011010001101010101100101111001101010010111101111000111110011101110111001110000111100110110000011110010111111010000100111100100101000100010111010000000111000001011111111110101000110000101011111101011011101111100000101010100110001011010010001111101001001010010010110010011001010001100100010010100011001101000100111000001000011001000111100110001001101100101101001100100110111001100111100110100111101010111010011101111011001010011101100011101001111111111001100
